anx,1692.81,143.64ms,28.0938MB
nginx,43797.17,2.43ms,14.5586MB
